3.089999999999999969e-01 9.789999999999999813e-01 3.112340000000000106e+00 1.121939999999999937e+00 6.684999999999999831e-01 5.318199999999999594e-01
1.310000000000000053e-01 7.126000000000000112e-01 1.321339999999999959e+00 3.195200000000000262e-01 1.701729999999999965e+00 5.073299999999999477e-01
3.042000000000000259e-01 9.866000000000000325e-01 9.767099999999999671e-01 1.543279999999999985e+00 8.083200000000000385e-01 5.747499999999999831e-01
2.358000000000000096e-01 7.842000000000000082e-01 1.189210000000000100e+00 2.500119999999999898e+00 1.249200000000000088e+00 9.599299999999999500e-01
1.174000000000000044e-01 8.913999999999999702e-01 1.853180000000000049e+00 5.896799999999999820e-01 8.906899999999999817e-01 1.659790000000000099e+00
3.038000000000000145e-01 7.149999999999999689e-01 1.185910000000000020e+00 4.897099999999999786e-01 6.403799999999999493e-01 1.376500000000000057e+00
3.245999999999999996e-01 9.769999999999999796e-01 9.138300000000000312e-01 1.617760000000000087e+00 6.901599999999999957e-01 8.218800000000000550e-01
2.713999999999999746e-01 9.337999999999999634e-01 3.629899999999999793e-01 7.463899999999999979e-01 7.732499999999999929e-01 1.687629999999999963e+00
1.181999999999999995e-01 8.030000000000000471e-01 5.594200000000000284e-01 3.773599999999999732e-01 1.927859999999999907e+00 6.787699999999999845e-01
4.390000000000000013e-01 7.897999999999999465e-01 6.232999999999999652e-01 3.168799999999999950e-01 1.469170000000000087e+00 5.983199999999999630e-01
2.933999999999999941e-01 8.901999999999999913e-01 9.447499999999999787e-01 3.535709999999999908e+00 9.519800000000000484e-01 9.493399999999999617e-01
1.242000000000000048e-01 9.409999999999999476e-01 9.317400000000000126e-01 5.441200000000000481e-01 1.007649999999999935e+00 6.466199999999999726e-01
4.082000000000000073e-01 7.621999999999999886e-01 1.905280000000000085e+00 1.772759999999999891e+00 5.296100000000000252e-01 1.111879999999999979e+00
4.981999999999999762e-01 9.649999999999999689e-01 2.679570000000000007e+00 2.675699999999999745e-01 1.380319999999999991e+00 5.684099999999999708e-01
3.130000000000000004e-01 6.754000000000000004e-01 2.932100000000000262e-01 5.307100000000000151e-01 7.174700000000000522e-01 5.194299999999999473e-01
1.650000000000000078e-01 9.761999999999999567e-01 4.924299999999999788e-01 1.176090000000000080e+00 6.220099999999999518e-01 1.298640000000000017e+00
4.550000000000000155e-01 7.822000000000000064e-01 5.277800000000000269e-01 3.103720000000000034e+00 1.293250000000000011e+00 8.615500000000000380e-01
1.865999999999999881e-01 6.538000000000000478e-01 1.041020000000000056e+00 1.714749999999999996e+00 5.108599999999999808e-01 5.252200000000000202e-01
1.365999999999999992e-01 9.973999999999999533e-01 4.965499999999999914e-01 1.958839999999999915e+00 1.340710000000000068e+00 1.601029999999999953e+00
2.066000000000000059e-01 6.790000000000000480e-01 2.070530000000000204e+00 1.159899999999999931e+00 1.578989999999999894e+00 1.121170000000000000e+00
4.818000000000000060e-01 6.350000000000000089e-01 3.190980000000000150e+00 2.773900000000000254e-01 8.544100000000000028e-01 1.040300000000000002e+00
1.701999999999999902e-01 6.985999999999999988e-01 3.186399999999999788e-01 3.073600000000000221e-01 1.175280000000000102e+00 7.510599999999999499e-01
4.461999999999999855e-01 9.614000000000000323e-01 6.425999999999999490e-01 7.977499999999999591e-01 1.993079999999999963e+00 5.151299999999999768e-01
1.781999999999999973e-01 7.137999999999999901e-01 6.624999999999999778e-01 2.977289999999999992e+00 7.285000000000000364e-01 6.475199999999999845e-01
4.173999999999999932e-01 8.541999999999999593e-01 2.025110000000000188e+00 3.863750000000000018e+00 1.147899999999999920e+00 7.531499999999999861e-01
3.794000000000000150e-01 8.045999999999999819e-01 2.785620000000000207e+00 1.295940000000000092e+00 9.773899999999999810e-01 1.033109999999999973e+00
3.674000000000000044e-01 8.165999999999999925e-01 5.547800000000000509e-01 2.358709999999999862e+00 7.531499999999999861e-01 1.537940000000000085e+00
1.965999999999999970e-01 6.186000000000000387e-01 4.789700000000000069e-01 4.776400000000000090e-01 1.998609999999999998e+00 1.113420000000000076e+00
1.925999999999999934e-01 9.065999999999999615e-01 1.658639999999999892e+00 1.257009999999999961e+00 1.211670000000000025e+00 7.552400000000000224e-01
2.086000000000000076e-01 9.741999999999999549e-01 2.385019999999999918e+00 8.156400000000000317e-01 9.841800000000000548e-01 9.506599999999999495e-01
2.217999999999999972e-01 8.546000000000000263e-01 4.395200000000000218e-01 1.635799999999999921e+00 1.821339999999999959e+00 1.277209999999999956e+00
2.142000000000000015e-01 6.373999999999999666e-01 2.225299999999999834e+00 4.227899999999999991e-01 1.594379999999999908e+00 5.629199999999999759e-01
1.426000000000000045e-01 7.026000000000000023e-01 4.146599999999999731e-01 1.070289999999999964e+00 5.422400000000000553e-01 7.862200000000000299e-01
1.406000000000000028e-01 9.574000000000000288e-01 6.515699999999999825e-01 4.856500000000000261e-01 6.475199999999999845e-01 5.325499999999999678e-01
